{
    "cameraMatrix": {
        "type_id": "opencv-matrix",
        "rows": 3,
        "cols": 3,
        "dt": "d",
        "data": [ 7.2933137395247968e+02, 0.0, 4.9753182966791991e+02,
            0.0, 7.7186334360759497e+02, 2.9730604358533679e+02, 0.0,
            0.0, 1.0 ]
    },
    "distCoeffs": {
        "type_id": "opencv-matrix",
        "rows": 5,
        "cols": 1,
        "dt": "d",
        "data": [ 4.5909287761777551e-02, -3.9992313546248083e-02,
            -4.4770130234133905e-02, 6.7756822540398040e-02,
            9.3416693553283765e-03 ]
    }
}
